Name                     |      Average |    Calls |        Total |          Min |          Max
-----------------------------------------------------------------------------------------------
1 threads new1000        |     0.000687 |      100 |     0.068662 |     0.000549 |     0.000862
1 threads delete1000     |     0.000236 |      100 |     0.023583 |     0.000080 |     0.002716
1 threads Alloc1000      |     0.000276 |      100 |     0.027628 |     0.000059 |     0.000456
1 threads Free1000       |     0.000056 |      100 |     0.005600 |     0.000048 |     0.000100
2 threads new1000        |     0.000942 |      200 |     0.188419 |     0.000410 |     0.002223
2 threads delete1000     |     0.000500 |      200 |     0.099911 |     0.000107 |     0.007048
2 threads Alloc1000      |     0.000282 |      200 |     0.056372 |     0.000048 |     0.000495
2 threads Free1000       |     0.000056 |      200 |     0.011151 |     0.000047 |     0.000170
4 threads new1000        |     0.000727 |      400 |     0.290801 |     0.000215 |     0.001313
4 threads delete1000     |     0.000264 |      400 |     0.105716 |     0.000094 |     0.013659
4 threads Alloc1000      |     0.000325 |      400 |     0.130105 |     0.000048 |     0.000654
4 threads Free1000       |     0.000060 |      400 |     0.024172 |     0.000048 |     0.000133
8 threads new1000        |     0.000803 |      800 |     0.642520 |     0.000216 |     0.003964
8 threads delete1000     |     0.000105 |      800 |     0.084337 |     0.000053 |     0.000301
8 threads Alloc1000      |     0.000318 |      800 |     0.254608 |     0.000047 |     0.000920
8 threads Free1000       |     0.000060 |      800 |     0.048153 |     0.000044 |     0.000180
16 threads new1000       |     0.000867 |     1600 |     1.386517 |     0.000206 |     0.001510
16 threads delete1000    |     0.000111 |     1600 |     0.177339 |     0.000062 |     0.000435
16 threads Alloc1000     |     0.000305 |     1600 |     0.487987 |     0.000047 |     0.000886
16 threads Free1000      |     0.000058 |     1600 |     0.092620 |     0.000035 |     0.000187
